965.4  -406
0 0 498271.2025316955 17.398705393449177
0 1 485933.64556965715 15.025455083759084
0 2 651839.316455739 16.167183549682516
0 3 631457.7721519462 17.01058135609682
0 4 508050.58227852924 17.10379071879404
0 5 505510.53164561366 16.4015027738596
0 6 632102.316455739 16.167183549682516
0 7 654034.9873418208 17.23343689993926
0 8 56191.05063291559 5.043632722485936
0 9 49190.670886081825 5.967706716575743
0 10 66311.86075949871 5.52502282775348
0 11 72069.05063291559 5.043632722485936
1 0 156883.02531649094 14.682949569426752
1 1 332002.86075953185 15.214726499609222
1 2 532663.3417721968 16.498153597322354
1 3 368462.316455739 16.167183549682516
1 4 139576.4556962403 15.193812776322071
1 5 299671.5063291559 16.00906548556969
1 6 494187.2658228234 15.360325285936948
1 7 358616.1265823221 16.32377009569147
1 8 14434.835443040913 4.219805887423215
1 9 25841.835443040913 4.219805887423215
1 10 55603.430379749356 3.90678110771496
1 11 43142.05063291559 5.043632722485936
2 0 354079.74683548836 16.632521232594996
2 1 147980.35443040912 13.415494198994908
2 2 520948.7215190306 16.186839707154334
2 3 792670.569620317 19.926073107168484
2 4 284497.2151899078 14.508665060937314
2 5 159459.5189873682 12.659417662269643
2 6 533401.9367089053 16.478868782318077
2 7 777470.0632911943 18.53720864341846
2 8 37872.215189874674 2.76251141387674
2 9 11862.430379749354 3.90678110771496
2 10 45162.025316457795 3.5663868998841735
2 11 94435.53164558053 8.132613399286868
3 0 349415.01265827863 17.59859263986338
3 1 677680.2278481533 17.814093640027068
3 2 619165.316455739 16.167183549682516
3 3 227496.07594940654 15.525051983734553
3 4 330335.4556962403 15.193812776322071
3 5 718358.443038028 17.974023873342947
3 6 580233.5569620715 16.78476716432461
3 7 226918.16455699224 13.60379104555536
3 8 20677.835443040913 4.219805887423215
3 9 69189.10126583118 7.132773799768347
3 10 71343.24050633247 4.511162248408354
3 11 30545.835443040913 4.219805887423215
4 0 518977.7594937007 13.439175584062042
4 1 335187.83544307406 14.855189472578108
4 2 521517.7215190306 16.186839707154334
4 3 690536.4177215702 17.670718321782697
4 4 489205.4556962403 15.193812776322071
4 5 331751.05063294875 15.109868416964945
4 6 500895.670886115 15.442908275118617
4 7 677105.6962025728 15.84937006676898
4 8 58423.24050633247 4.511162248408354
4 9 35779.025316457795 3.5663868998841735
4 10 46010.455696207144 5.2898066262637595
4 11 70659.64556962403 4.784810125323449
5 0 467918.1265823221 16.32377009569147
5 1 258666.92405065976 12.834038568574877
5 2 234117.94936711757 13.320347649342077
5 3 450828.1772152377 17.085189527082278
5 4 458836.07594940654 15.525051983734553
5 5 258945.4050633247 14.332261358299217
5 6 236409.81012661627 14.420732947618509
5 7 429970.81012661627 14.420732947618509
5 8 50729.430379749356 3.90678110771496
5 9 29416.620253166235 3.1898734168822993
5 10 22347.050632915587 5.043632722485936
5 11 39745.430379749356 3.90678110771496
6 0 584781.4177215702 17.670718321782697
6 1 438510.2911392812 15.768915892015514
6 2 466013.88607598963 15.688049123633132
6 3 612246.2278481533 17.814093640027068
6 4 544230.0759494065 15.525051983734553
6 5 386522.7215190306 16.186839707154334
6 6 432516.55696207145 16.78476716432461
6 7 562343.6962025728 15.84937006676898
6 8 60668.64556962403 4.784810125323449
6 9 43127.05063291559 5.043632722485936
6 10 41393.64556962403 4.784810125323449
6 11 56729.24050633247 4.511162248408354
7 0 166573.64556965718 15.025455083759084
7 1 390988.10126586433 15.869419878791277
7 2 593541.9873418208 17.23343689993926
7 3 379294.10126586433 15.869419878791277
7 4 168950.44303802797 17.974023873342947
7 5 379257.4810126981 15.54552009016242
7 6 594671.7974684039 17.38041983359592
7 7 365532.2784810689 18.741920221829655
7 8 21627.455696207147 5.2898066262637595
7 9 32246.050632915587 5.043632722485936
7 10 60458.265822790265 5.750626083404323
7 11 51206.265822790265 5.750626083404323
8 0 3733.632911411707 10.827180983043702
8 1 3968.6075949539127 10.212577894990893
8 2 3561.037974703266 10.934335182573067
8 3 2474.873417744178 11.729383311625888
8 4 1508620.4810127644 25.57292558487325
8 5 1493848.4303798487 25.07062607774553
8 6 1504768.8101266825 24.65712314606082
8 7 687803.8987342351 19.011440398274924
8 8 1245.8101265831176 2.255581124204177
8 9 1418.430379749353 3.90678110771496
8 10 1440.2151898746765 2.76251141387674
8 11 1010.430379749353 3.90678110771496
9 0 328940.81012661627 14.420732947618509
9 1 2911.8481012863836 11.164556959088047
9 2 29056.012658245472 10.346620492888045
9 3 452.7088607850899 12.456853910194114
9 4 374.7721519130009 9.311389305167415
9 5 28242.367088621442 9.162213838903343
9 6 2811.1772152045596 9.43577281613213
9 7 332662.2151899078 14.508665060937314
9 8 58.6202531662354 3.1898734168822993
9 9 71.6202531662354 3.1898734168822993
9 10 48.215189874676554 2.76251141387674
9 11 72.21518987467655 2.76251141387674
10 0 226325.5696202838 13.696968785649812
10 1 208184.25316457794 11.287299963025504
10 2 239103.94936711757 13.320347649342077
10 3 283887.7594937007 13.439175584062042
10 4 209430.75949370067 13.439175584062042
10 5 201341.5189873682 12.659417662269643
10 6 232049.32911395133 12.93276339703161
10 7 262633.4303797825 14.769320605981251
10 8 24179.835443040913 4.219805887423215
10 9 21538.835443040913 4.219805887423215
10 10 23477.810126583117 2.255581124204177
10 11 26387.430379749352 3.90678110771496
11 0 316744.13924053445 13.055119607399886
11 1 403732.7594937007 13.439175584062042
11 2 326025.7341772429 13.030740277802089
11 3 271214.62025319936 14.530564945192129
11 4 289805.3291139513 12.93276339703161
11 5 380195.35443040915 13.415494198994908
11 6 320105.46835445263 11.611314503898933
11 7 248471.94936711757 13.320347649342077
11 8 29453.64556962403 4.784810125323449
11 9 37750.81012658312 2.255581124204177
11 10 38198.860759498704 5.52502282775348
11 11 27379.620253166235 3.1898734168822993
12 0 89526.82278482859 10.589627086527505
12 1 92505.03797470327 10.934335182573067
12 2 111430.20253166235 10.097767546145269
12 3 128422.40506332471 14.332261358299217
12 4 73243.6835443273 11.944290647791274
12 5 76964.03797470327 10.934335182573067
12 6 93487.60759495391 10.212577894990893
12 7 106034.20253166235 10.097767546145269
12 8 8186.620253166236 3.1898734168822993
12 9 8657.810126583117 2.255581124204177
12 10 10238.025316457793 3.5663868998841735
12 11 12209.810126583117 2.255581124204177
13 0 553553.5569620715 16.78476716432461
13 1 795090.0379747364 17.95632419019881
13 2 411080.10126586433 15.869419878791277
13 3 176759.10126586433 15.869419878791277
13 4 570312.7088608183 19.144777674996018
13 5 800169.2784810689 18.741920221829655
13 6 429698.670886115 15.442908275118617
13 7 168937.18987345003 14.063507611218393
13 8 52178.83544304091 4.219805887423215
13 9 104147.05063291559 5.043632722485936
13 10 60493.29113924806 6.766743372612529
13 11 14761.835443040913 4.219805887423215
14 0 535779.4556962403 15.193812776322071
14 1 265954.7594937007 13.439175584062042
14 2 260706.73417724288 13.030740277802089
14 3 527858.6962025728 15.84937006676898
14 4 528717.3417721968 16.498153597322354
14 5 260009.81012661627 14.420732947618509
14 6 252008.21518990782 14.508665060937314
14 7 513159.10126586433 15.869419878791277
14 8 64436.670886081825 5.967706716575743
14 9 31991.24050633247 4.511162248408354
14 10 21032.025316457795 3.5663868998841735
14 11 45971.215189874674 2.76251141387674
15 0 274855.5949367416 14.153659224198199
15 1 758656.6329114449 17.88535029904603
15 2 904757.9113924474 16.08831876938022
15 3 413363.86075953185 15.214726499609222
15 4 284087.2405063656 14.876579245316403
15 5 757549.5063291559 16.00906548556969
15 6 867443.962025363 16.80370091785059
15 7 413000.4050633247 14.332261358299217
15 8 14514.240506332471 4.511162248408354
15 9 62520.670886081825 5.967706716575743
15 10 118683.05063291559 5.043632722485936
15 11 62110.64556962403 4.784810125323449
16 0 292186.92405065976 12.834038568574877
16 1 301657.13924053445 13.055119607399886
16 2 359195.0886076189 12.041508083466375
16 3 325999.5696202838 13.696968785649812
16 4 278570.2151899078 14.508665060937314
16 5 288048.11392407666 12.566981248593976
16 6 331285.7088607851 12.456853910194114
16 7 314358.37974686694 13.812557069383702
16 8 30364.025316457795 3.5663868998841735
16 9 31505.430379749352 3.90678110771496
16 10 32234.620253166235 3.1898734168822993
16 11 35456.215189874674 2.76251141387674
17 0 226933.3797468669 13.812557069383702
17 1 231383.30379749354 12.362903036691925
17 2 208420.30379749354 12.362903036691925
17 3 178029.25316457794 11.287299963025504
17 4 212632.92405065976 12.834038568574877
17 5 214272.5189873682 12.659417662269643
17 6 190759.11392407664 12.566981248593976
17 7 165651.6329114117 10.827180983043702
17 8 22530.810126583117 2.255581124204177
17 9 25954.430379749352 3.90678110771496
17 10 20920.810126583117 2.255581124204177
17 11 21773.215189874678 2.76251141387674
18 0 226076.4050633247 14.332261358299217
18 1 217566.73417724288 13.030740277802089
18 2 148338.73417724288 13.030740277802089
18 3 157235.73417724288 13.030740277802089
18 4 209665.06329116106 11.510464224486418
18 5 195584.08860761885 12.041508083466375
18 6 138090.89873420197 12.25094131616229
18 7 143089.49367091042 12.155399017999379
18 8 20565.430379749352 3.90678110771496
18 9 23954.620253166235 3.1898734168822993
18 10 17118.670886081825 5.967706716575743
18 11 14390.810126583117 2.255581124204177
19 0 238699.02531649094 14.682949569426752
19 1 277990.2405063656 14.876579245316403
19 2 703955.316455739 16.167183549682516
19 3 670676.8481013195 18.330210991088695
19 4 236936.86075953185 15.214726499609222
19 5 295631.6962025728 15.84937006676898
19 6 747977.3291139845 19.408704352448627
19 7 738690.7848101916 20.11665625256897
19 8 39336.05063291559 5.043632722485936
19 9 16249.430379749354 3.90678110771496
19 10 63871.83544304091 4.219805887423215
19 11 73114.05063291559 5.043632722485936
20 0 568055.316455739 16.167183549682516
20 1 653597.7215190305 16.186839707154334
20 2 286902.53164561366 16.4015027738596
20 3 231160.67088611497 15.442908275118617
20 4 574857.8227848618 17.688703790379044
20 5 640766.5949367416 14.153659224198199
20 6 278786.97468357533 13.789516924787408
20 7 220232.64556965718 15.025455083759084
20 8 39301.64556962403 4.784810125323449
20 9 65475.430379749356 3.90678110771496
20 10 38861.24050633247 4.511162248408354
20 11 15592.025316457793 3.5663868998841735
21 0 810127.215189941 20.492505884045045
21 1 496421.10126586433 15.869419878791277
21 2 156949.08860761885 12.041508083466375
21 3 445634.79746840394 17.38041983359592
21 4 784152.4683544858 18.605696100752617
21 5 496289.4303797825 14.769320605981251
21 6 152850.6582278695 11.390126351388185
21 7 448651.1772152377 17.085189527082278
21 8 74420.48101266494 6.379746833764599
21 9 68658.24050633247 4.511162248408354
21 10 23975.64556962403 4.784810125323449
21 11 40237.05063291559 5.043632722485936
22 0 562951.4303797825 14.769320605981251
22 1 389397.18987345 14.063507611218393
22 2 398665.316455739 16.167183549682516
22 3 598532.9113924474 16.08831876938022
22 4 575544.7721519462 17.01058135609682
22 5 381512.670886115 15.442908275118617
22 6 407259.2405063656 14.876579245316403
22 7 587612.6708861149 15.442908275118617
22 8 58510.24050633247 4.511162248408354
22 9 45527.24050633247 4.511162248408354
22 10 33060.430379749356 3.90678110771496
22 11 52512.455696207144 5.2898066262637595
23 0 239056.00000003315 14.176107547938328
23 1 257708.83544307406 14.855189472578108
23 2 582491.8607595318 15.214726499609222
23 3 566165.6962025728 15.84937006676898
23 4 244314.544303826 13.2245165656594
23 5 260032.5696202838 13.696968785649812
23 6 589383.6962025728 15.84937006676898
23 7 586648.7721519462 17.01058135609682
23 8 36129.24050633247 4.511162248408354
23 9 16380.620253166235 3.1898734168822993
23 10 53351.48101266494 6.379746833764599
23 11 68096.64556962403 4.784810125323449
24 0 413287.62025319936 14.530564945192129
24 1 576683.5316456137 16.4015027738596
24 2 471957.94936711754 13.320347649342077
24 3 298838.2151899078 14.508665060937314
24 4 393022.6962025728 15.84937006676898
24 5 558672.6455696572 15.025455083759084
24 6 457436.4810126981 15.54552009016242
24 7 282259.4303797825 14.769320605981251
24 8 32361.215189874678 2.76251141387674
24 9 56587.215189874674 2.76251141387674
24 10 56520.83544304091 4.219805887423215
24 11 33602.05063291559 5.043632722485936
25 0 724931.0632911943 18.53720864341846
25 1 632766.6708861149 15.442908275118617
25 2 228146.5189873682 12.659417662269643
25 3 317309.3670886546 16.935644509981184
25 4 733865.4683544858 18.605696100752617
25 5 630319.3417721968 16.498153597322354
25 6 218696.32911395133 12.93276339703161
25 7 317086.07594940654 15.525051983734553
25 8 57392.64556962403 4.784810125323449
25 9 75677.26582279027 5.750626083404323
25 10 29649.430379749352 3.90678110771496
25 11 23110.620253166235 3.1898734168822993
26 0 445591.86075953185 15.214726499609222
26 1 211412.75949370067 13.439175584062042
26 2 305710.86075953185 15.214726499609222
26 3 575515.2911392812 15.768915892015514
26 4 471474.9113924474 16.08831876938022
26 5 213304.73417724288 13.030740277802089
26 6 317250.62025319936 14.530564945192129
26 7 562048.1772152378 17.085189527082278
26 8 54065.24050633247 4.511162248408354
26 9 24138.620253166235 3.1898734168822993
26 10 24910.810126583117 2.255581124204177
26 11 56464.025316457795 3.5663868998841735
27 0 574340.4177215702 17.670718321782697
27 1 662331.4177215702 17.670718321782697
27 2 314188.2405063656 14.876579245316403
27 3 220771.5949367416 14.153659224198199
27 4 560386.1518987799 16.708817601992564
27 5 658503.088607652 18.877161328157726
27 6 308719.2658228234 15.360325285936948
27 7 223647.75949370067 13.439175584062042
27 8 50500.025316457795 3.5663868998841735
27 9 81231.26582279027 5.750626083404323
27 10 44204.265822790265 5.750626083404323
27 11 19156.620253166235 3.1898734168822993
28 0 614980.6329114449 17.88535029904603
28 1 495131.9367089052 16.478868782318077
28 2 410557.2911392812 15.768915892015514
28 3 520004.316455739 16.167183549682516
28 4 617341.5063291559 16.00906548556969
28 5 511591.83544307406 14.855189472578108
28 6 425842.55696207145 16.78476716432461
28 7 548443.0253164909 14.682949569426752
28 8 63528.05063291559 5.043632722485936
28 9 55447.64556962403 4.784810125323449
28 10 45924.83544304091 4.219805887423215
28 11 51493.83544304091 4.219805887423215
29 0 243594.78481015848 13.972774356829232
29 1 417825.5949367416 14.153659224198199
29 2 552507.6962025728 15.84937006676898
29 3 359542.64556965715 15.025455083759084
29 4 238657.05063294873 15.109868416964945
29 5 410594.5696202838 13.696968785649812
29 6 538325.6455696572 15.025455083759084
29 7 357034.96202536306 16.80370091785059
29 8 25085.430379749352 3.90678110771496
29 9 35200.265822790265 5.750626083404323
29 10 51905.83544304091 4.219805887423215
29 11 39766.860759498704 5.52502282775348
30 0 346982.0000000331 14.176107547938328
30 1 603054.3670886545 16.935644509981184
30 2 437934.5696202838 13.696968785649812
30 3 174930.32911395133 12.93276339703161
30 4 335464.02531649097 14.682949569426752
30 5 602709.5063291559 16.00906548556969
30 6 441685.4303797825 14.769320605981251
30 7 176619.35443040912 13.415494198994908
30 8 27761.050632915587 5.043632722485936
30 9 63084.48101266494 6.379746833764599
30 10 52433.83544304091 4.219805887423215
30 11 22367.810126583117 2.255581124204177
31 0 497812.74683548836 16.632521232594996
31 1 803284.962025363 16.80370091785059
31 2 468308.316455739 16.167183549682516
31 3 169168.35443040912 13.415494198994908
31 4 493057.86075953185 15.214726499609222
31 5 800886.3924051124 17.307084401716
31 6 466791.5063291559 16.00906548556969
31 7 163871.544303826 13.2245165656594
31 8 41302.025316457795 3.5663868998841735
31 9 84501.43037974935 3.90678110771496
31 10 56021.075949373386 6.1771633100474475
31 11 15505.620253166235 3.1898734168822993
