-1542.8  -748.8
0 0 223.14277765373532 15.456704377524616
0 1 207.20400782132566 14.894453024974606
0 2 230.9590871509643 15.81469721863903
0 3 195.71416648060298 14.810960985745758
0 4 234.265237988916 15.741021301432816
0 5 207.38769832409665 14.786811455149307
0 6 229.265237988916 15.581391196300851
0 7 240.02031731855465 16.063613193058888
0 8 21 4.58257569495584
0 9 31 5.5677643628300215
0 10 18.938769832409665 4.479394970418826
0 11 29 5.385164807134504
1 0 124.02031731855465 11.918039638137456
1 1 103.02031731855465 11.001802980248991
1 2 136.08154748614498 12.36829371882808
1 3 164.20400782132566 13.37328422315084
1 4 108.89785698337398 11.365281669111528
1 5 94.32646815650632 10.330284231866433
1 6 138.32646815650634 12.276594491598566
1 7 143.53047597783197 13.059843154660141
1 8 5.938769832409665 2.658002878292925
1 9 8.87753966481933 3.3361592590922498
1 10 13.938769832409665 3.8813630725575616
1 11 13 3.605551275463989
2 0 150.65293631301265 13.244981865683942
2 1 242.265237988916 15.993115756854937
2 2 167.02031731855465 13.602928685258025
2 3 68.14277765373532 9.16022435392216
2 4 139.77539664819332 12.739685475719936
2 5 246.44892849168698 16.018265003086984
2 6 158.02031731855465 13.267994151951363
2 7 72.20400782132566 9.31905203940697
2 8 11.87753966481933 3.7589837193085778
2 9 28 5.291502622129181
2 10 16.87753966481933 4.3737808132126315
2 11 1.9387698324096658 1.7507082284074278
3 0 153.38769832409665 12.831593549132343
3 1 237.02031731855465 15.969961453185027
3 2 247.14277765373532 16.214490747914
3 3 110.32646815650632 11.077669985658003
3 4 131.02031731855465 12.208180405622107
3 5 250.02031731855465 16.371917078223174
3 6 229.14277765373532 15.649591375310367
3 7 90.95908715096432 10.493076198962298
3 8 12 3.4641016151377544
3 9 30 5.477225575051661
3 10 30.938769832409665 5.662594749848648
3 11 9 3
4 0 143.65293631301265 12.978040862252533
4 1 168.32646815650634 13.443019464061942
4 2 138.20400782132566 12.363038902841614
4 3 162.71416648060298 13.651540767301064
4 4 168.20400782132566 13.522009130050725
4 5 167.38769832409665 13.365993902816756
4 6 123.83662681578365 12.051332155378342
4 7 174.38769832409665 13.625336436585144
4 8 15.87753966481933 4.257928909931088
4 9 17.938769832409665 4.366346218637898
4 10 16.938769832409665 4.2502916724636055
4 11 13.87753966481933 4.0162119717498665
5 0 170.20400782132566 13.595761505453645
5 1 148.14277765373532 12.802722765653744
5 2 123.51015865927732 11.511725952614915
5 3 110.89785698337398 11.452930953177118
5 4 183.20400782132566 14.065728950650769
5 5 145.20400782132566 12.642971601375017
5 6 96.89785698337398 10.824492016637203
5 7 111.20400782132566 11.218053793469489
5 8 21.938769832409665 4.8026013056481665
5 9 13 3.605551275463989
5 10 7.877539664819332 3.182759589102977
5 11 11 3.3166247903554
6 0 176.9590871509643 14.003736934019757
6 1 218.51015865927732 15.08376061889434
6 2 213.08154748614498 15.164916403172228
6 3 191.265237988916 14.310127588954675
6 4 167.89785698337397 13.717493481618373
6 5 184.20400782132566 14.101231538882523
6 6 190.38769832409665 14.200344820113868
6 7 180.9590871509643 14.145835009543587
6 8 20.938769832409665 4.697337469355749
6 9 10.938769832409665 3.4734679070078474
6 10 16.87753966481933 4.3737808132126315
6 11 17 4.123105625617661
7 0 76.89785698337398 9.857465567692465
7 1 172.77539664819332 13.974962827151616
7 2 242.38769832409665 15.926386690336725
7 3 188.89785698337397 14.462697791845148
7 4 98.32646815650632 10.522108738800803
7 5 160.08154748614498 13.303183435373734
7 6 236.77539664819332 16.102781934196013
7 7 207.08154748614498 14.965783959258603
7 8 12.87753966481933 3.8897247463062152
7 9 14.87753966481933 4.138835416155968
7 10 22.87753966481933 5.012979014720384
7 11 18.87753966481933 4.596733470849375
8 0 792.081547486145 28.442480368547365
8 1 736.2243251398803 27.728764843198313
8 2 748.2652379889159 27.600357816741464
8 3 7.081547486144988 4.896395563595952
8 4 143.5917061454223 13.019006257134603
8 5 146.14277765373532 12.724374649238706
8 6 119.71416648060298 11.973494282008195
8 7 14.448928491686992 4.958307544830319
8 8 71.87753966481934 8.60987564381896
8 9 68 8.246211251235321
8 10 77 8.774964387392123
8 11 3 1.7320508075688772
9 0 81.51015865927732 9.51419121145396
9 1 5.448928491686992 3.9477605942003717
9 2 4.081547486144988 4.579813262044875
9 3 1.897856983373984 4.708463381852145
9 4 0 4.502418287417169
9 5 8.204007821325655 4.779616188897929
9 6 0.26523798891598993 3.712108782371779
9 7 98.89785698337398 10.916484205926492
9 8 0 1.0612301675903342
9 9 0 1.0612301675903342
9 10 0 1.0612301675903342
9 11 0 1.0612301675903342
10 0 66.77539664819332 9.449845819920528
10 1 82.20400782132566 9.840972051234328
10 2 76.02031731855465 9.697405262038686
10 3 78.26523798891598 9.580174925968821
10 4 52.95908715096432 8.49144558465925
10 5 85.38769832409666 9.831062659251785
10 6 84.89785698337398 10.255224396289071
10 7 82.38769832409666 9.677282315306025
10 8 4.877539664819332 2.670198232721112
10 9 3.8775396648193317 2.4758753203719586
10 10 8.938769832409665 3.1725351536292665
10 11 2 1.4142135623730951
11 0 74.95908715096432 9.7007550282042
11 1 81.38769832409666 9.625476248484267
11 2 83.77539664819332 10.310169058762785
11 3 98.89785698337398 10.916484205926492
11 4 84.38769832409666 9.780071217027755
11 5 60.26523798891599 8.5895140498262
11 6 78.14277765373532 9.690702255986851
11 7 79.71416648060298 10.166836544436178
11 8 15.87753966481933 4.257928909931088
11 9 9.938769832409665 3.326406364383864
11 10 12.938769832409665 3.7503305588992384
11 11 10 3.1622776601683795
12 0 18.081547486144988 5.913940269837202
12 1 22.83662681578365 6.650910217350406
12 2 23.326468156506323 5.9761837581476875
12 3 23.83662681578365 6.725667752666349
12 4 13.020317318554653 5.571325588781865
12 5 16.142777653735322 5.648868047156762
12 6 20.75507932963866 5.025924512371222
12 7 32.32646815650632 6.68691052064765
12 8 1 1
12 9 3 1.7320508075688772
12 10 2.938769832409666 2.016179382151666
12 11 0.8775396648193317 1.769168901497805
13 0 190.02031731855465 14.42358030504963
13 1 305.3876983240967 17.79465630491735
13 2 144.08154748614498 12.687580128424889
13 3 71.71416648060298 9.765478243346967
13 4 201.02031731855465 14.799988811354405
13 5 275.265237988916 16.99352087156048
13 6 141.65293631301265 12.900757521258061
13 7 70.53047597783198 9.877221432382864
13 8 27.938769832409665 5.391194607970804
13 9 42 6.48074069840786
13 10 15.87753966481933 4.257928909931088
13 11 8.938769832409665 3.1725351536292665
14 0 66.4080156426513 9.782099050119577
14 1 127.08154748614498 11.99894535012149
14 2 220.44892849168698 15.185019384548749
14 3 142.20400782132566 12.523766642395376
14 4 87.32646815650632 9.985728431674287
14 5 131.32646815650634 11.988109622085888
14 6 214.32646815650634 15.057050584731003
14 7 138.9590871509643 12.573967079534963
14 8 5.755079329638663 3.2031105513319234
14 9 8.87753966481933 3.3361592590922498
14 10 25.938769832409665 5.202401301419709
14 11 17.816309497228996 4.6037960318676605
15 0 197.14277765373532 14.591425914357673
15 1 272.265237988916 16.905021491029274
15 2 172.44892849168698 13.51239481768947
15 3 68.02031731855465 9.275757048145213
15 4 169.89785698337397 13.790200412548128
15 5 246.08154748614498 16.216494365774686
15 6 172.32646815650634 13.590981285806711
15 7 94.26523798891598 10.381702731833622
15 8 19 4.358898943540674
15 9 27.87753966481933 5.489076297705011
15 10 14.938769832409665 4.008114182631712
15 11 6 2.449489742783178
16 0 124.95908715096432 12.00435954631604
16 1 110.32646815650632 11.077669985658003
16 2 105.57138882686766 10.651518910798323
16 3 108.95908715096432 11.318332391179766
16 4 103.26523798891598 10.80646804521078
16 5 101.08154748614498 10.86161541922757
16 6 94.14277765373532 10.483783201411056
16 7 111.38769832409666 11.074736701616645
16 8 14.938769832409665 4.008114182631712
16 9 7 2.6457513110645907
16 10 14.87753966481933 4.138835416155968
16 11 3.7550793296386633 2.8740071684068393
17 0 57.20400782132565 8.47612711756821
17 1 53.20400782132565 8.236791299600542
17 2 56.26523798891599 8.35342753677565
17 3 42.775396648193315 8.080815925404407
17 4 50.02031731855465 8.248616175833106
17 5 47.32646815650632 7.727533391137706
17 6 50.02031731855465 8.248616175833106
17 7 38.02031731855465 7.485964788603777
17 8 9 3
17 9 4.938769832409665 2.462717868740444
17 10 5.938769832409665 2.658002878292925
17 11 7 2.6457513110645907
18 0 50.775396648193315 8.561517740463398
18 1 65.32646815650632 8.815598238982322
18 2 53.57138882686766 7.83931470902236
18 3 35.714166480602984 7.704840382596058
18 4 63.20400782132565 8.82296610631454
18 5 52.20400782132565 8.17586270146308
18 6 48.20400782132565 7.927466866103898
18 7 42.081547486144984 7.679497998906056
18 8 8 2.8284271247461903
18 9 4.877539664819332 2.670198232721112
18 10 4.938769832409665 2.462717868740444
18 11 1.9387698324096658 1.7507082284074278
19 0 130.9590871509643 12.25172021053489
19 1 62.14277765373532 8.826647733663593
19 2 223.20400782132566 15.422215499505095
19 3 317.59170614542234 18.533605259725103
19 4 156.32646815650634 12.989025071619048
19 5 67.20400782132566 9.04680777474437
19 6 228.14277765373532 15.617608978783808
19 7 316.02031731855465 18.276752140799402
19 8 14.87753966481933 4.138835416155968
19 9 4 2
19 10 17.87753966481933 4.486642241367919
19 11 35.93876983240967 6.088101452917279
20 0 136.08154748614498 12.36829371882808
20 1 76.83662681578365 9.9113372820854
20 2 202.265237988916 14.689443543312377
20 3 255.02031731855465 16.523912031241743
20 4 138.9590871509643 12.573967079534963
20 5 84.51015865927732 9.670565361348208
20 6 196.08154748614498 14.59365237064396
20 7 258.83662681578363 16.740209279434236
20 8 16.938769832409665 4.2502916724636055
20 9 4 2
20 10 8.938769832409665 3.1725351536292665
20 11 33 5.744562646538029
21 0 155.44892849168698 12.867976286468718
21 1 73.44892849168698 9.14247306307879
21 2 207.9590871509643 15.069991642905084
21 3 277.7753966481933 17.329154221146208
21 4 162.02031731855465 13.417886153050175
21 5 61.38769832409666 8.523484792626473
21 6 192.14277765373532 14.419074526965614
21 7 309.20400782132566 17.995686452957976
21 8 26 5.0990195135927845
21 9 8.87753966481933 3.3361592590922498
21 10 25 5
21 11 30.816309497228996 5.847643790710958
22 0 131.5917061454223 12.549682223997145
22 1 118.20400782132566 11.525828860137358
22 2 165.57138882686766 13.170226084129853
22 3 197.20400782132566 14.554886839586736
22 4 177.08154748614498 13.927479654093991
22 5 139.08154748614498 12.488982725394495
22 6 156.32646815650634 12.989025071619048
22 7 184.83662681578366 14.360870681099248
22 8 17 4.123105625617661
22 9 10.755079329638663 3.9063943994499453
22 10 12.816309497228998 4.024293466316842
22 11 19 4.358898943540674
23 0 54.591706145422314 8.971874047450171
23 1 116.14277765373532 11.485195262344853
23 2 222.57138882686766 15.180739610015525
23 3 175.265237988916 13.739714393398492
23 4 75.83662681578365 9.860760960456146
23 5 112.51015865927732 11.023603512831354
23 6 207.89785698337397 15.105284751312784
23 7 175.89785698337397 14.006056811902575
23 8 8.87753966481933 3.3361592590922498
23 9 7.938769832409665 3.010810406022517
23 10 22 4.69041575982343
23 11 15.938769832409665 4.130978007810436
24 0 135.265237988916 12.197530553852353
24 1 153.51015865927732 12.74832672973625
24 2 197.83662681578366 14.806573091679791
24 3 151.20400782132566 12.87807170787518
24 4 114.20400782132566 11.350979293134808
24 5 130.20400782132566 12.035145654007481
24 6 158.71416648060298 13.50424249342713
24 7 111.77539664819332 11.588769823422567
24 8 10.938769832409665 3.4734679070078474
24 9 16 4
24 10 15.87753966481933 4.257928909931088
24 11 12.87753966481933 3.8897247463062152
25 0 97.38769832409666 10.42352114259547
25 1 140.32646815650634 12.357781852385495
25 2 235.83662681578366 16.038535055274096
25 3 236.265237988916 15.8044219005999
25 4 73.14277765373532 9.42919456868871
25 5 139.20400782132566 12.40341609852605
25 6 245.02031731855465 16.21849773611032
25 7 199.265237988916 14.586971982291654
25 8 6.877539664819332 3.021582135575161
25 9 5.938769832409665 2.658002878292925
25 10 14 3.7416573867739413
25 11 28 5.291502622129181
26 0 181.02031731855465 14.108141933515398
26 1 134.77539664819332 12.541913172250455
26 2 85.14277765373532 10.045382531998902
26 3 156.9590871509643 13.270442649634152
26 4 162.77539664819332 13.612479054906549
26 5 132.38769832409665 11.985399159399522
26 6 93.38769832409666 10.229848142085725
26 7 150.20400782132566 12.83918731513701
26 8 19 4.358898943540674
26 9 19.87753966481933 4.70424899447584
26 10 8 2.8284271247461903
26 11 13.938769832409665 3.8813630725575616
27 0 208.77539664819332 15.208536616659392
27 1 237.57138882686766 15.666998918334498
27 2 149.265237988916 12.758516826503058
27 3 107.14277765373532 11.086465181210315
27 4 209.02031731855465 15.067835571714195
27 5 244.265237988916 16.055520907530894
27 6 172.57138882686766 13.43334861853493
27 7 102.26523798891598 10.760099981513262
27 8 19.816309497228996 4.816112322510805
27 9 28 5.291502622129181
27 10 18 4.242640687119285
27 11 7 2.6457513110645907
28 0 179.44892849168698 13.768980125961447
28 1 208.44892849168698 14.784614087257106
28 2 198.14277765373532 14.625652471400674
28 3 179.02031731855465 14.03708191955207
28 4 190.71416648060298 14.641194122109132
28 5 180.14277765373532 13.996774993340026
28 6 201.265237988916 14.655365966503933
28 7 182.77539664819332 14.32827924142566
28 8 12.87753966481933 3.8897247463062152
28 9 14.938769832409665 4.008114182631712
28 10 21.87753966481933 4.912225422558186
28 11 14 3.7416573867739413
29 0 166.14277765373532 13.487390785996698
29 1 106.32646815650632 10.895630881741003
29 2 123.20400782132566 11.740729573292077
29 3 173.57138882686766 13.470517996984908
29 4 136.08154748614498 12.36829371882808
29 5 139.265237988916 12.360410657100422
29 6 143.02031731855465 12.690140614517066
29 7 190.44892849168698 14.162796818041318
29 8 15 3.872983346207417
29 9 12.87753966481933 3.8897247463062152
29 10 13.938769832409665 3.8813630725575616
29 11 13.938769832409665 3.8813630725575616
30 0 106.95908715096432 11.229632590482606
30 1 92.38769832409666 10.180854237741288
30 2 143.265237988916 12.521172134115947
30 3 156.77539664819332 13.390279534806938
30 4 117.89785698337398 11.754557729589086
30 5 89.51015865927732 9.925715813386349
30 6 142.08154748614498 12.608516546969437
30 7 180.265237988916 13.920479575508946
30 8 12 3.4641016151377544
30 9 8.938769832409665 3.1725351536292665
30 10 18 4.242640687119285
30 11 18 4.242640687119285
31 0 202.77539664819332 15.009982878746714
31 1 275.32646815650634 16.96215706539555
31 2 179.51015865927732 13.73025252528546
31 3 68.32646815650632 8.984140042939458
31 4 191.14277765373532 14.384356440737578
31 5 293.265237988916 17.5151292205385
31 6 161.20400782132566 13.260645946301981
31 7 57.20400782132565 8.47612711756821
31 8 10.938769832409665 3.4734679070078474
31 9 23.938769832409665 5.006493713270144
31 10 22.938769832409665 4.905606924837484
31 11 6.938769832409665 2.839890719906925
